| Rubrica | Qualidade | Replicabilidade | Aplicabilidade | Contrib. Teórica | Adequação | Aprendizagem | Alinhamento |
| --- | --- | --- | --- | --- | --- | --- | --- |
| Qualidade | 1.0 | 0.679 | 0.521 | 0.721 | 0.047 | 0.566 | 0.391 |
| Replicabilidade | 0.679 | 1.0 | 0.547 | 0.522 | 0.209 | 0.58 | 0.371 |
| Aplicabilidade | 0.521 | 0.547 | 1.0 | 0.355 | 0.189 | 0.57 | 0.585 |
| Contrib. Teórica | 0.721 | 0.522 | 0.355 | 1.0 | -0.225 | 0.337 | 0.259 |
| Adequação | 0.047 | 0.209 | 0.189 | -0.225 | 1.0 | 0.5 | 0.235 |
| Aprendizagem | 0.566 | 0.58 | 0.57 | 0.337 | 0.5 | 1.0 | 0.596 |
| Alinhamento | 0.391 | 0.371 | 0.585 | 0.259 | 0.235 | 0.596 | 1.0 |